error(train): 0.005714
error(test): 0.280000
