error(train): 0.11409395973154363
error(test): 0.1686746987951807
