entropy: 0.996316519559
error: 0.464285714286