error(train): 0.071429
error(test): 0.142857
