error(train): 0.000000
error(test): 0.180000
