error(train): 0.074167
error(test): 0.247500
